{
    'metrics/precision(B)': 0.9414360318493702,
    'metrics/recall(B)': 0.8860590942733477,
    'metrics/mAP50(B)': 0.9475118493200126,
    'metrics/mAP50-95(B)': 0.6771038802760238,
    'fitness': 0.7041446771804227,
    'runtime': '81m 10.7s',
}
