{
    'metrics/precision(B)': 0.898465381801028,
    'metrics/recall(B)': 0.8976377952755905,
    'metrics/mAP50(B)': 0.936093415972543,
    'metrics/mAP50-95(B)': 0.6658230066259578,
    'fitness': 0.6928500475606164,
    'runtime': '101m 40.6s'
}
